-1 3 7 3
-1 12 7 12
-1 19 7 19
-1 32 31 32
11 3 19 3
11 12 19 12
11 19 19 19
23 3 31 3
23 12 31 12
23 19 31 19
31 2 39 2
31 10 39 10
31 38 63 38
31 26 39 26
43 2 51 2
43 10 51 10
43 26 51 26
55 2 63 2
55 10 63 10
55 26 63 26
63 3 71 3
63 34 95 34
63 22 71 22
63 7 71 7
75 3 83 3
75 22 83 22
75 7 83 7
87 3 95 3
87 22 95 22
87 7 95 7
95 5 103 5
95 36 127 36
95 24 103 24
95 8 103 8
95 17 103 17
107 5 115 5
107 24 115 24
107 8 115 8
107 17 115 17
119 5 127 5
119 24 127 24
119 8 127 8
119 17 127 17
127 3 135 3
127 12 135 12
127 19 135 19
127 32 159 32
139 3 147 3
139 12 147 12
139 19 147 19
151 3 159 3
151 12 159 12
151 19 159 19
159 2 167 2
159 10 167 10
159 38 191 38
159 26 167 26
171 2 179 2
171 10 179 10
171 26 179 26
183 2 191 2
183 10 191 10
183 26 191 26
191 3 199 3
191 34 223 34
191 22 199 22
191 7 199 7
203 3 211 3
203 22 211 22
203 7 211 7
215 3 223 3
215 22 223 22
215 7 223 7
223 5 231 5
223 36 255 36
223 24 231 24
223 8 231 8
223 17 231 17
235 5 243 5
235 24 243 24
235 8 243 8
235 17 243 17
247 5 255 5
247 24 255 24
247 8 255 8
247 17 255 17
255 3 263 3
255 12 263 12
255 19 263 19
255 32 287 32
267 3 275 3
267 12 275 12
267 19 275 19
279 3 287 3
279 12 287 12
279 19 287 19
287 2 295 2
287 10 295 10
287 38 319 38
287 26 295 26
299 2 307 2
299 10 307 10
299 26 307 26
311 2 319 2
311 10 319 10
311 26 319 26
319 3 327 3
319 34 351 34
319 22 327 22
319 7 327 7
331 3 339 3
331 22 339 22
331 7 339 7
343 3 351 3
343 22 351 22
343 7 351 7
351 5 359 5
351 36 383 36
351 24 359 24
351 8 359 8
351 17 359 17
363 5 371 5
363 24 371 24
363 8 371 8
363 17 371 17
375 5 383 5
375 24 383 24
375 8 383 8
375 17 383 17
383 3 391 3
383 12 391 12
383 19 391 19
383 32 415 32
395 3 403 3
395 12 403 12
395 19 403 19
407 3 415 3
407 12 415 12
407 19 415 19
415 2 423 2
415 10 423 10
415 38 447 38
415 26 423 26
427 2 435 2
427 10 435 10
427 26 435 26
439 2 447 2
439 10 447 10
439 26 447 26
447 3 455 3
447 34 479 34
447 22 455 22
447 7 455 7
459 3 467 3
459 22 467 22
459 7 467 7
471 3 479 3
471 22 479 22
471 7 479 7
479 5 487 5
479 36 511 36
479 24 487 24
479 8 487 8
479 17 487 17
491 5 499 5
491 24 499 24
491 8 499 8
491 17 499 17
503 5 511 5
503 24 511 24
503 8 511 8
503 17 511 17
511 3 519 3
511 12 519 12
511 19 519 19
511 32 543 32
523 3 531 3
523 12 531 12
523 19 531 19
535 3 543 3
535 12 543 12
535 19 543 19
543 2 551 2
543 10 551 10
543 38 575 38
543 26 551 26
555 2 563 2
555 10 563 10
555 26 563 26
567 2 575 2
567 10 575 10
567 26 575 26
575 3 583 3
575 34 607 34
575 22 583 22
575 7 583 7
587 3 595 3
587 22 595 22
587 7 595 7
599 3 607 3
599 22 607 22
599 7 607 7
607 5 615 5
607 36 639 36
607 24 615 24
607 8 615 8
607 17 615 17
619 5 627 5
619 24 627 24
619 8 627 8
619 17 627 17
631 5 639 5
631 24 639 24
631 8 639 8
631 17 639 17
